$ANSIBLE_VAULT;1.1;AES256
38393431663062386634663937303830643332316136643632643038393936386165373637323261
6539353138343864633064323964313035313638653562350a643130326139313166326535343165
63303366386263616534646463303865396237663961626461343338613865623138616366386162
6164623835653261390a636162373365343133653332383563316661666639623435663866653237
38356565303039343264333935303533653234363532313563396135636365613039313033306463
33643436346264643439383366396633656330326237376630353866613465313264303435303736
32303861303461356666326432616636643261363635306339633930386161333136663936633935
34656537323430383336396434316537653164333931653463646337626431373931373831616664
63373734653965666331353132376139636565393364616663623564346261646563616330343839
39353634396534346132373235343035646230636665623134393462353931663837393265613866
66313537366130613234653631393832633161633631343638323639633865333463313661346334
63373438643636326239366337343433643661376333613964373933333332663836633636336630
39646562343666386163343835613733356666653733656234373561396135613435663939663461
3465313434656133373337623265616564336437653432373730
