$ANSIBLE_VAULT;1.1;AES256
66613936383739306565613335336663333138633765366436333034373530643664666265343764
3037396338643038313436313635333637366261363831360a323165396138363731373533336664
39653963666433303235616630623732396466393034333436643839363132323532383038666136
3633353037323863350a663236376366356432376532373536333930616338343561383836613564
64663161383837376463303161616261643630613735313033363462303330626239336230633931
63373031326339303038393334626662613961336264396261643233363132316664306138616234
63633533666166656530353561633961333831613237656365646134393939323363623037373435
39646435633236346365616632386438323339326566366630303566303932353362326263353839
39306564616136373333396338346530333930666137346533376431646465323265396535626634
33393766616532336265393230363633376239653835663231366539613537333934313731653665
38663763643931343665363362363231623038366261623134333965646430666533346361623631
31323737343034366432333365323762353261643536666634623833313232316534393262636230
61356238383530353734336536393232653065326433373939303630333961663236313061316336
6637643931633730333331326338383562623131623139643332
